<?xml version="1.0"?>
<opencv_storage>
<traindata type_id="opencv-matrix">
  <rows>1800</rows>
  <cols>3</cols>
  <dt>f</dt>
  <data>
    114. 114. 114. 110. 110. 110. 103. 103. 103. 103. 103. 103. 103.
    103. 103. 103. 103. 103. 100. 100. 100. 106. 106. 106. 116. 116.
    116. 116. 116. 116. 109. 109. 109. 113. 113. 113. 119. 119. 119.
    122. 122. 122. 124. 124. 124. 124. 124. 124. 124. 124. 124. 123.
    123. 123. 124. 124. 124. 123. 123. 123. 137. 137. 137. 140. 140.
    140. 140. 140. 140. 140. 140. 140. 140. 140. 140. 129. 129. 129.
    123. 123. 123. 106. 106. 106. 87. 87. 87. 70. 70. 70. 114. 114. 114.
    111. 111. 111. 105. 105. 105. 103. 103. 103. 103. 103. 103. 105.
    105. 105. 103. 103. 103. 114. 114. 114. 119. 119. 119. 119. 119.
    119. 116. 116. 116. 119. 119. 119. 119. 119. 119. 122. 122. 122.
    123. 123. 123. 122. 122. 122. 124. 124. 124. 123. 123. 123. 124.
    124. 124. 124. 124. 124. 131. 131. 131. 140. 140. 140. 140. 140.
    140. 150. 150. 150. 150. 150. 150. 150. 150. 150. 127. 127. 127.
    116. 116. 116. 97. 97. 97. 87. 87. 87. 120. 120. 120. 118. 118. 118.
    110. 110. 110. 105. 105. 105. 103. 103. 103. 106. 106. 106. 106.
    106. 106. 117. 117. 117. 119. 119. 119. 119. 119. 119. 116. 116.
    116. 116. 116. 116. 109. 109. 109. 119. 119. 119. 124. 124. 124.
    119. 119. 119. 124. 124. 124. 124. 124. 124. 124. 124. 124. 126.
    126. 126. 139. 139. 139. 139. 139. 139. 141. 141. 141. 141. 141.
    141. 150. 150. 150. 147. 147. 147. 128. 128. 128. 123. 123. 123.
    106. 106. 106. 97. 97. 97. 126. 126. 126. 125. 125. 125. 120. 120.
    120. 117. 117. 117. 112. 112. 112. 117. 117. 117. 117. 117. 117.
    119. 119. 119. 119. 119. 119. 119. 119. 119. 124. 124. 124. 124.
    124. 124. 119. 119. 119. 123. 123. 123. 124. 124. 124. 119. 119.
    119. 117. 117. 117. 123. 123. 123. 124. 124. 124. 126. 126. 126.
    131. 131. 131. 131. 131. 131. 140. 140. 140. 139. 139. 139. 140.
    140. 140. 140. 140. 140. 130. 130. 130. 123. 123. 123. 118. 118.
    118. 106. 106. 106. 126. 126. 126. 127. 127. 127. 132. 132. 132.
    124. 124. 124. 122. 122. 122. 119. 119. 119. 119. 119. 119. 130.
    130. 130. 125. 125. 125. 125. 125. 125. 130. 130. 130. 124. 124.
    124. 113. 113. 113. 120. 120. 120. 123. 123. 123. 119. 119. 119.
    119. 119. 119. 123. 123. 123. 126. 126. 126. 130. 130. 130. 131.
    131. 131. 131. 131. 131. 139. 139. 139. 139. 139. 139. 140. 140.
    140. 132. 132. 132. 129. 129. 129. 123. 123. 123. 118. 118. 118.
    114. 114. 114. 118. 118. 118. 126. 126. 126. 124. 124. 124. 124.
    124. 124. 124. 124. 124. 122. 122. 122. 119. 119. 119. 130. 130.
    130. 124. 124. 124. 123. 123. 123. 124. 124. 124. 120. 120. 120.
    112. 112. 112. 117. 117. 117. 119. 119. 119. 117. 117. 117. 117.
    117. 117. 126. 126. 126. 126. 126. 126. 130. 130. 130. 131. 131.
    131. 131. 131. 131. 135. 135. 135. 131. 131. 131. 129. 129. 129.
    126. 126. 126. 126. 126. 126. 123. 123. 123. 116. 116. 116. 116.
    116. 116. 127. 127. 127. 132. 132. 132. 133. 133. 133. 136. 136.
    136. 132. 132. 132. 124. 124. 124. 122. 122. 122. 130. 130. 130.
    124. 124. 124. 125. 125. 125. 124. 124. 124. 123. 123. 123. 112.
    112. 112. 113. 113. 113. 119. 119. 119. 117. 117. 117. 117. 117.
    117. 125. 125. 125. 126. 126. 126. 128. 128. 128. 130. 130. 130.
    126. 126. 126. 126. 126. 126. 126. 126. 126. 125. 125. 125. 123.
    123. 123. 123. 123. 123. 122. 122. 122. 114. 114. 114. 106. 106.
    106. 127. 127. 127. 130. 130. 130. 132. 132. 132. 132. 132. 132.
    127. 127. 127. 127. 127. 127. 122. 122. 122. 123. 123. 123. 120.
    120. 120. 120. 120. 120. 120. 120. 120. 120. 120. 120. 112. 112.
    112. 99. 99. 99. 113. 113. 113. 117. 117. 117. 117. 117. 117. 119.
    119. 119. 125. 125. 125. 128. 128. 128. 126. 126. 126. 125. 125.
    125. 113. 113. 113. 113. 113. 113. 116. 116. 116. 114. 114. 114.
    116. 116. 116. 116. 116. 116. 104. 104. 104. 100. 100. 100. 123.
    123. 123. 127. 127. 127. 127. 127. 127. 127. 127. 127. 134. 134.
    134. 127. 127. 127. 112. 112. 112. 123. 123. 123. 112. 112. 112.
    112. 112. 112. 112. 112. 112. 112. 112. 112. 96. 96. 96. 90. 90. 90.
    96. 96. 96. 99. 99. 99. 115. 115. 115. 119. 119. 119. 120. 120. 120.
    126. 126. 126. 126. 126. 126. 124. 124. 124. 112. 112. 112. 112.
    112. 112. 114. 114. 114. 114. 114. 114. 116. 116. 116. 116. 116.
    116. 104. 104. 104. 97. 97. 97. 122. 122. 122. 123. 123. 123. 122.
    122. 122. 122. 122. 122. 119. 119. 119. 112. 112. 112. 108. 108.
    108. 111. 111. 111. 109. 109. 109. 109. 109. 109. 111. 111. 111.
    112. 112. 112. 90. 90. 90. 87. 87. 87. 89. 89. 89. 90. 90. 90. 101.
    101. 101. 115. 115. 115. 119. 119. 119. 119. 119. 119. 119. 119.
    119. 112. 112. 112. 107. 107. 107. 111. 111. 111. 114. 114. 114.
    117. 117. 117. 123. 123. 123. 123. 123. 123. 92. 92. 92. 91. 91. 91.
    120. 120. 120. 122. 122. 122. 122. 122. 122. 122. 122. 122. 119.
    119. 119. 112. 112. 112. 108. 108. 108. 108. 108. 108. 107. 107.
    107. 107. 107. 107. 102. 102. 102. 99. 99. 99. 80. 80. 80. 78. 78.
    78. 79. 79. 79. 85. 85. 85. 86. 86. 86. 106. 106. 106. 111. 111.
    111. 111. 111. 111. 111. 111. 111. 108. 108. 108. 103. 103. 103.
    107. 107. 107. 111. 111. 111. 117. 117. 117. 120. 120. 120. 120.
    120. 120. 97. 97. 97. 75. 75. 75. 112. 112. 112. 116. 116. 116. 119.
    119. 119. 119. 119. 119. 116. 116. 116. 109. 109. 109. 105. 105.
    105. 104. 104. 104. 99. 99. 99. 99. 99. 99. 99. 99. 99. 96. 96. 96.
    80. 80. 80. 79. 79. 79. 79. 79. 79. 85. 85. 85. 86. 86. 86. 95. 95.
    95. 101. 101. 101. 108. 108. 108. 104. 104. 104. 107. 107. 107. 104.
    104. 104. 107. 107. 107. 107. 107. 107. 111. 111. 111. 117. 117.
    117. 110. 110. 110. 87. 87. 87. 70. 70. 70. 107. 107. 107. 112. 112.
    112. 112. 112. 112. 113. 113. 113. 109. 109. 109. 106. 106. 106.
    104. 104. 104. 99. 99. 99. 94. 94. 94. 99. 99. 99. 95. 95. 95. 95.
    95. 95. 85. 85. 85. 82. 82. 82. 86. 86. 86. 82. 82. 82. 82. 82. 82.
    86. 86. 86. 86. 86. 86. 89. 89. 89. 99. 99. 99. 99. 99. 99. 100.
    100. 100. 104. 104. 104. 104. 104. 104. 110. 110. 110. 117. 117.
    117. 110. 110. 110. 106. 106. 106. 77. 77. 77. 107. 107. 107. 110.
    110. 110. 110. 110. 110. 109. 109. 109. 105. 105. 105. 104. 104.
    104. 100. 100. 100. 99. 99. 99. 94. 94. 94. 99. 99. 99. 95. 95. 95.
    94. 94. 94. 85. 85. 85. 82. 82. 82. 86. 86. 86. 86. 86. 86. 86. 86.
    86. 87. 87. 87. 88. 88. 88. 95. 95. 95. 95. 95. 95. 99. 99. 99. 99.
    99. 99. 103. 103. 103. 103. 103. 103. 107. 107. 107. 107. 107. 107.
    103. 103. 103. 98. 98. 98. 93. 93. 93. 105. 105. 105. 109. 109. 109.
    109. 109. 109. 107. 107. 107. 106. 106. 106. 105. 105. 105. 104.
    104. 104. 100. 100. 100. 99. 99. 99. 99. 99. 99. 100. 100. 100. 100.
    100. 100. 100. 100. 100. 95. 95. 95. 91. 91. 91. 91. 91. 91. 87. 87.
    87. 91. 91. 91. 92. 92. 92. 95. 95. 95. 99. 99. 99. 99. 99. 99. 103.
    103. 103. 103. 103. 103. 99. 99. 99. 96. 96. 96. 101. 101. 101. 90.
    90. 90. 87. 87. 87. 93. 93. 93. 109. 109. 109. 113. 113. 113. 113.
    113. 113. 110. 110. 110. 105. 105. 105. 104. 104. 104. 104. 104.
    104. 100. 100. 100. 100. 100. 100. 104. 104. 104. 106. 106. 106.
    100. 100. 100. 100. 100. 100. 93. 93. 93. 93. 93. 93. 93. 93. 93.
    93. 93. 93. 95. 95. 95. 101. 101. 101. 120. 120. 120. 103. 103. 103.
    103. 103. 103. 103. 103. 103. 101. 101. 101. 90. 90. 90. 85. 85. 85.
    85. 85. 85. 83. 83. 83. 83. 83. 83. 88. 88. 88. 110. 110. 110. 113.
    113. 113. 113. 113. 113. 105. 105. 105. 101. 101. 101. 99. 99. 99.
    101. 101. 101. 108. 108. 108. 109. 109. 109. 110. 110. 110. 110.
    110. 110. 110. 110. 110. 107. 107. 107. 106. 106. 106. 104. 104.
    104. 104. 104. 104. 104. 104. 104. 106. 106. 106. 119. 119. 119.
    120. 120. 120. 119. 119. 119. 110. 110. 110. 106. 106. 106. 96. 96.
    96. 85. 85. 85. 83. 83. 83. 79. 79. 79. 79. 79. 79. 83. 83. 83. 88.
    88. 88. 110. 110. 110. 116. 116. 116. 113. 113. 113. 102. 102. 102.
